90.62073516845703 183.47901916503906
86.5697250366211 221.86976623535156
91.09973907470703 261.4759521484375
92.6685562133789 296.5289001464844
102.0874252319336 331.59405517578125
123.24671173095703 360.5320739746094
151.38604736328125 384.4346923828125
188.1778106689453 408.9913024902344
240.39878845214844 418.5252380371094
285.0908508300781 416.4728088378906
322.0105285644531 401.781982421875
351.3975524902344 380.889404296875
382.2986755371094 356.5963134765625
403.80419921875 325.48382568359375
412.7497253417969 289.2989501953125
425.3321533203125 248.63955688476562
431.8959655761719 205.15255737304688
113.3200912475586 197.7445831298828
145.44444274902344 186.4051513671875
173.0488739013672 184.2324676513672
202.95736694335938 182.99720764160156
236.95449829101562 188.71644592285156
281.30584716796875 189.52896118164062
318.0357971191406 182.3216094970703
352.65643310546875 190.03363037109375
379.2462158203125 195.92678833007812
401.6888427734375 208.69174194335938
263.2435607910156 213.7568817138672
261.67431640625 245.79159545898438
259.97161865234375 275.1401672363281
253.8614959716797 304.27886962890625
215.00425720214844 304.8349914550781
233.5492706298828 310.5265808105469
251.70413208007812 319.0845031738281
271.3491516113281 312.76922607421875
290.7237854003906 305.89459228515625
153.24302673339844 214.78390502929688
172.1007080078125 209.72731018066406
194.7073516845703 209.1518096923828
215.21250915527344 216.91207885742188
193.484375 220.26370239257812
172.5823211669922 220.81057739257812
303.3158874511719 225.98365783691406
327.04541015625 214.93157958984375
349.3127136230469 217.85536193847656
369.8251037597656 224.7578582763672
349.77923583984375 231.31903076171875
326.4588623046875 229.79112243652344
179.34523010253906 344.8970947265625
207.35330200195312 337.9557800292969
231.84759521484375 336.9118347167969
247.52659606933594 341.1214904785156
269.01922607421875 337.45294189453125
290.85736083984375 343.33782958984375
307.8988952636719 347.694580078125
283.23638916015625 360.7720031738281
265.633056640625 364.1120300292969
245.1318817138672 363.63427734375
226.1949920654297 361.7895202636719
204.82374572753906 354.9832763671875
188.5136260986328 345.2550354003906
227.94361877441406 345.9352722167969
246.30453491210938 346.9659118652344
267.72308349609375 346.9491882324219
298.43994140625 348.5116882324219
266.8562316894531 346.10247802734375
246.2664337158203 346.15478515625
230.01841735839844 345.2015686035156
