-0.35700830817222595
0.8237159252166748
-0.2555561661720276
0.13512255251407623
0.5869088768959045
0.10893405973911285
-0.07030182331800461
0.04145120084285736
-0.7591508030891418
-0.7941197752952576
-0.18996140360832214
0.8542448282241821
0.23710039258003235
0.4669974446296692
0.3224513530731201
-0.17268472909927368
0.5123337507247925
0.012489799410104752
-0.36804530024528503
-0.04945104196667671
-0.023912593722343445
-0.9407071471214294
0.03790457546710968
-0.22314831614494324
-0.610945999622345
-0.003121705958619714
-0.005460701417177916
0.2842657268047333
-0.5064220428466797
0.19387952983379364
0.34626686573028564
0.7022093534469604
0.6550418138504028
-0.43064606189727783
0.013250647112727165
-0.07917681336402893
0.21716684103012085
-0.810229480266571
-0.1974409818649292
0.826495885848999
0.35857686400413513
-0.5872470736503601
-0.8382393717765808
0.39645886421203613
0.4820978343486786
-0.3242136538028717
0.7253555059432983
-0.9306439161300659
-0.0744553729891777
0.3255874812602997
0.5776898860931396
0.7676994204521179
0.2344031035900116
0.40397754311561584
0.29774728417396545
-0.44782543182373047
-0.4063531458377838
0.33482295274734497
0.010008445009589195
-0.8555527925491333
0.31168830394744873
-0.22789733111858368
-0.01841645874083042
0.486032634973526
-0.19315262138843536
-0.3748900890350342
-0.09103842824697495
0.7496600151062012
-0.40596747398376465
-0.6283894777297974
-0.041047755628824234
0.6471225619316101
0.43471887707710266
0.10762041807174683
0.1906801164150238
0.13855794072151184
0.06549829244613647
0.5784445405006409
-0.2239767611026764
-0.3296661972999573
-0.14026057720184326
-0.379578560590744
-0.324368417263031
-0.35487571358680725
-0.8246563076972961
0.8269988894462585
-0.15223141014575958
-0.5707287192344666
0.075720876455307
-0.6280880570411682
0.5696464776992798
-0.5941010117530823
0.2240046113729477
-0.3125164210796356
0.548202395439148
0.33029600977897644
1.1467140913009644
0.945457935333252
-0.0991533026099205
-0.039677418768405914
0.5807221531867981
0.4238775372505188
-0.8266370892524719
-0.2180393785238266
-0.5091331601142883
0.7298970222473145
0.5435268878936768
-0.47549107670783997
-0.11182928085327148
-0.3727383017539978
-0.1621338427066803
-0.15183168649673462
0.2253519594669342
-0.052099090069532394
-0.2723202705383301
0.23397032916545868
0.3390796184539795
-0.09328312426805496
-0.4485797584056854
-0.47750478982925415
0.03208214044570923
-0.9474206566810608
0.4231921434402466
0.4503679573535919
0.6792572736740112
0.011431708000600338
-0.3884107172489166
0.10711453855037689
-5.4646086937282234e-05
0.40892940759658813
0.01782027631998062
-0.5554171204566956
-0.32408881187438965
0.060970574617385864
0.47335609793663025
-0.6232650876045227
0.17599090933799744
0.7861022353172302
-0.26261094212532043
-0.08797073364257812
0.20705513656139374
-0.11131393909454346
0.2156679332256317
0.09787792712450027
0.3596208989620209
-0.3483320474624634
-0.7567019462585449
0.1463681012392044
-0.6874210834503174
0.05420074611902237
-0.0012635128805413842
-0.5377771258354187
0.2986438572406769
0.3529689908027649
-0.2894439697265625
-0.01612289808690548
0.5103310942649841
-0.7873431444168091
-0.9073473811149597
-0.5056809782981873
0.4216548502445221
-0.5133416056632996
0.1167638897895813
-0.5048292875289917
1.593662142753601
0.5289674401283264
-0.36434081196784973
1.042476773262024
-1.3778321743011475
1.1922850608825684
0.549985408782959
-0.2004316747188568
-0.16545693576335907
-0.4339161515235901
-0.056920602917671204
0.6590543389320374
0.657112181186676
0.16457834839820862
0.33198171854019165
0.33336135745048523
-0.27613240480422974
0.3630293309688568
-0.344330757856369
0.43819597363471985
-0.016479870304465294
0.25069817900657654
0.16578170657157898
-0.6785445809364319
0.3349614143371582
-0.5667905807495117
0.45981618762016296
0.7207505702972412
-0.09468074142932892
-0.14279824495315552
0.01730058155953884
-0.6539630889892578
-0.10446958988904953
0.5773380398750305
-0.14366111159324646
0.5630612969398499
-0.29414936900138855
-0.584805428981781
-0.1730794757604599
0.6867228150367737
-0.6998748779296875
0.2419634312391281
0.2603066861629486
-0.024152059108018875
-0.27370893955230713
0.43623122572898865
0.7980539798736572
-0.4824925661087036
-0.9980209469795227
0.32020318508148193
0.33557364344596863
0.14179998636245728
-0.4330146610736847
0.5082657933235168
0.2139330953359604
0.2558903098106384
0.7109636664390564
-1.5264155864715576
-0.8303571343421936
-0.4737330973148346
0.7002586126327515
-0.8687654733657837
-0.14218933880329132
0.6057004928588867
-0.4741581380367279
-1.2370942831039429
-0.5824404358863831
-0.5068110227584839
0.3115873634815216
-0.0024470544885843992
0.212697371840477
-0.26307037472724915
-0.23251579701900482
-0.7492715716362
-0.5377770066261292
0.8524967432022095
0.8800458908081055
0.11858697235584259
0.4593283236026764
-0.18917612731456757
0.39237359166145325
0.7823361158370972
-0.3800927400588989
0.640262246131897
0.5583241581916809
-0.4551038444042206
0.18235591053962708
-0.5453560948371887
0.20537854731082916
0.535205602645874
0.18844327330589294
0.7612209320068359
0.687215268611908
-0.24492795765399933
-0.18412332236766815
-0.7035226225852966
-0.0319165363907814
0.2621043622493744
-0.5406540632247925
0.6371777057647705
0.16159626841545105
0.1720256358385086
0.5198373198509216
-0.9837451577186584
-0.25286340713500977
-0.6087473034858704
0.6544954180717468
0.3382069170475006
-0.842552661895752
-0.7915496230125427
-0.2696422040462494
0.8224408626556396
-0.20609310269355774
-0.11881943047046661
-0.4949415624141693
0.5532811284065247
0.11025213450193405
0.02129117026925087
0.23202373087406158
1.0265319347381592
0.6621938347816467
-0.25905612111091614
-0.3774634003639221
-0.15054640173912048
-0.13998548686504364
-0.1817881315946579
0.4137752950191498
0.4507015645503998
-0.2965504825115204
0.2941370904445648
0.08622325956821442
-0.4074127972126007
-0.5333459377288818
-0.013023284263908863
-0.035000450909137726
-0.0343785434961319
-0.0674218162894249
0.18938301503658295
-0.5474376082420349
-0.5288737416267395
-0.03965257108211517
0.11658873409032822
1.1242613792419434
-1.3091522455215454
-0.20885148644447327
0.3448875844478607
0.058926913887262344
0.6256934404373169
0.610247790813446
-0.8207282423973083
0.10317343473434448
-0.11867266148328781
0.19204163551330566
-0.370003879070282
0.014733712188899517
0.10157711803913116
-0.33991914987564087
-0.00834407564252615
0.5045744776725769
0.4312109351158142
0.2734127342700958
0.2875756025314331
0.825767457485199
0.08343189209699631
-1.3300180435180664
-0.5212038159370422
0.19320768117904663
0.36435556411743164
1.1092780828475952
-0.5505964756011963
0.25599557161331177
0.02751658670604229
-0.0945257768034935
0.2681659460067749
0.8152875304222107
0.1481947898864746
0.5688261389732361
-0.538282573223114
0.5035480260848999
0.12863098084926605
-0.6790498495101929
1.1598454713821411
0.2620351314544678
0.2194977104663849
0.8166614174842834
-0.07537326216697693
-0.2181333303451538
0.30684882402420044
-0.7834571003913879
-0.2770981788635254
0.041260361671447754
-0.31362277269363403
-0.025172613561153412
-0.4572752118110657
0.0786331444978714
-0.38957110047340393
-0.1439906507730484
-0.05892465263605118
0.08364426344633102
-0.4778939187526703
0.1634422242641449
-0.08865465968847275
1.241020679473877
-0.612248957157135
0.5983037352561951
0.2360556721687317
-0.246895894408226
0.30056455731391907
0.6034275889396667
0.5133684277534485
0.07002619653940201
0.810738742351532
0.7860123515129089
1.048298954963684
0.5430421829223633
-0.47156772017478943
0.8815250992774963
-0.5801354646682739
-0.23200760781764984
0.6211201548576355
0.08182535320520401
-0.18967999517917633
0.17492221295833588
0.43886086344718933
-0.5306164026260376
-0.653414785861969
-0.22834031283855438
-0.2836524248123169
-0.2400146722793579
-0.6913662552833557
0.36819857358932495
0.46990683674812317
-0.25470322370529175
-0.9621139168739319
0.8202222585678101
-0.2889450490474701
0.6104885935783386
1.0564638376235962
0.7156639099121094
0.41495954990386963
-0.7011168003082275
0.24145720899105072
0.32221636176109314
-0.4723542630672455
0.43150007724761963
-0.22788792848587036
0.048496708273887634
0.04570901766419411
-0.5967579483985901
-0.2280367910861969
1.023451328277588
-0.19911958277225494
0.3168424963951111
0.590036928653717
-0.6043462157249451
0.46031972765922546
0.5066615343093872
-0.04155644401907921
-0.8228088021278381
0.5564307570457458
-0.830337405204773
-0.10094138979911804
-0.602559506893158
0.40880516171455383
0.3081156015396118
0.7054363489151001
0.20564676821231842
0.030773397535085678
-0.2145092785358429
0.19673940539360046
0.5069960951805115
1.0688172578811646
0.06629681587219238
-0.18048745393753052
-0.37440770864486694
0.08076337724924088
0.713188111782074
0.2324908971786499
0.02263588085770607
0.12730465829372406
0.24982865154743195
0.7666851282119751
-0.19759459793567657
0.9742183089256287
-0.6104670166969299
-0.4588712155818939
0.053393542766571045
0.36450767517089844
0.26988843083381653
-0.5945265889167786
-0.33009469509124756
-0.00803099013864994
0.3746848702430725
0.8142668604850769
0.18414758145809174
0.38209447264671326
0.3227488100528717
0.3879541754722595
-0.30250927805900574
-0.29121699929237366
-0.2423265129327774
-0.4184816777706146
0.4535050094127655
-0.22285212576389313
0.01904187723994255
0.16976158320903778
-0.5924269556999207
-0.16897894442081451
-0.47850242257118225
0.2161058932542801
-0.2575046122074127
0.41564100980758667
-0.10231314599514008
-0.4278702437877655
-0.007108076475560665
0.039340414106845856
-0.10639697313308716
1.1486823558807373
0.2727662920951843
0.19817443192005157
0.24386200308799744
0.22233490645885468
0.42157673835754395
-0.11207026988267899
0.9098164439201355
-0.3204928934574127
0.6128718256950378
-0.6296860575675964
0.9418147206306458
0.405935138463974
0.07754197716712952
-0.03757490962743759
-0.05391712486743927
-0.07367144525051117
-0.12741056084632874
-0.46072882413864136
0.9275802373886108
0.02222982607781887
-1.0816041231155396
-0.49824148416519165
0.005606727674603462
-0.9222813844680786
0.1371202915906906
0.1545926332473755
0.533212423324585
0.7699539065361023
-0.11186207085847855
1.1156374216079712
